573 65 423 227 0
573 65 423 227 1
573 65 423 227 0 2


573 65 5


573 8
573 65 9
573 10
573 65 11





573 65 423 17


573 683 20
573 702 469 21

573 565 23
573 65 24
573 25

573 118 27
573 65 182 28
573 29
573 65 182 30
573 65 31



573 65 31 35



573 702 284 39
573 565 40
573 565 291 41
573 25 42

573 44

573 50 65 46

573 65 451 48

573 50

573 470 52

573 702 54

573 65 56


573 65 116 59

573 356 61
573 65 491 62
573 118 63
573 65 64
573 65
573 65 423 66

573 65 423 17 68
573 28 69
573 28 70
573 65 551 71

573 65 491 73

573 65 423 75



573 702 79


573 65 221 82


573 65 489 85
573 65 116 86
573 702 2 87
573 50 88




573 683 93

573 356 95
573 65 577 96
573 50 65 97




573 526 102
573 526 102 103
573 65 104

573 558 520 106
573 65 107


573 356 110



573 65 31 114
573 65 423 227 115
573 65 116
573 683 117
573 65 221 118
573 119
573 120



573 131 124
573 65 125
573 242 126



573 65 491 130
573 131
573 683 132

573 65 551 134
573 683 135

573 558 137


573 65 11 140

573 65 142
573 65 577 143
573 565 144
573 65 145
573 65 489 146

573 65 182 148
573 65 149
573 65 423 227 150
573 526 115 151
573 526 115 152
573 377 153

573 65 155
573 702 203 156



573 470 160

573 65 116 162

573 558 42 164
573 565 165
573 65 166
573 167




573 565 172

573 65 174


573 118 177
573 65 178


573 65 506 181
573 65 423 182




573 65 423 17 187

573 118 189



573 526 193
573 242 194
573 65 31 195

573 118 197
573 198
573 65 199
573 565 291 200
573 558 201

573 526 203
573 702 281 204

573 10 206
573 65 5 207


573 210



573 65 423 17 187 214
573 689 215



573 65 423 219

573 65 221
573 118 29 222
573 65 491 223


573 356 226

573 118 27 228



573 526 102 232
573 702 233
573 65 407 234

573 236




573 242 241
573 242
573 243




573 702 469 248
573 65 249

573 65 24 251
573 65 491 252
573 65 423 253
573 254
573 25 42 255


573 65 423 227 258
573 683 20 259

573 242 261
573 65 116 262

573 470 264

573 683 266
573 339 267


573 65 491 270

573 683 20 272

573 65 11 274


573 65 277

573 558 279

573 65 407 281

573 702 284 283
573 65 31 284

573 65 286

573 65 423 227 288

573 377 290
573 565 291
573 65 451 292



573 65 423 296




573 301

573 65 491 303

573 305


573 702 134 308
573 702 134 309


573 702 134 312

573 65 489 314

573 702 2 316




573 65 491 223 321
573 702 322
573 28 323
573 526 559 324
573 378 325



573 667 329
573 131 330
573 565 331
573 50 445 332
573 470 333
573 65 423 17 334


573 65 337

573 339

573 702 469 341

573 689 343

573 558 345

573 377 347
573 65 348
573 65 423 17 349

573 702 281 351
573 558 352



573 526 115 356
573 65 221 357
573 526 115 358
573 526 359
573 689 360

573 339 362
573 363
573 364



573 65 491 368


573 558 371
573 565 372
573 558 42 373
573 374
573 375
573 375 376
573 65 377
573 378
573 254 379

573 558 42 381

573 65 423 227 0 383
573 558 201 384

573 702 386
573 702 386 387
573 65 423 219 388
573 65 551 389
573 390

573 565 392
573 565 331 393


573 65 491 396
573 565 397


573 356 400

573 65 551 402
573 558 520 403
573 305 404
573 558 137 405
573 558 406
573 65 423 407
573 65 423 408
573 702 203 409
573 65 489 146 410
573 29 411


573 702 203 414
573 65 104 415

573 44 417
573 65 558 418
573 558 279 419

573 526 421

573 65 423
573 65 491 424
573 243 425
573 702 2 316 426
573 65 423 17 68 427
573 65 5 428
573 429
573 430
573 526 431
573 377 432







573 558 520 440



573 558 42 444
573 50 445

573 378 447
573 702 469 448
573 565 449
573 683 450
573 65 174 451
573 378 452

573 65 454
573 65 9 455
573 526 559 456
573 702 79 457
573 689 458
573 65 459
573 65 116 460
573 702 469 461
573 65 491 462
573 558 201 463
573 65 116 464
573 65 221 465
573 65 551 389 466
573 378 467

573 702 284 469
573 65 470
573 702 281 471
573 65 407 472


573 65 577 475

573 689 477

573 378 479
573 558 520 480
573 526 517 481
573 565 482


573 28 485

573 667 487
573 565 291 488
573 65 491 489
573 65 489 490
573 65 491

573 65 489 493
573 118 494
573 702 469 248 495
573 702 496
573 65 125 497

573 702 284 499
573 65 11 500
573 65 221 501
573 378 502
573 65 423 182 503
573 667 504

573 65 506

573 65 506 181 508

573 65 506 510

573 65 491 252 512

573 65 489 514
573 118 29 515

573 526 517


573 558 520

573 65 451 522
573 65 337 523
573 65 451 524

573 526
573 65 423 219 527
573 65 491 528


573 65 423 296 531




573 65 451 536


573 356 400 539

573 50 65 541

573 65 423 227 0 543



573 702 469 547
573 702 548
573 689 215 549
573 526 550
573 65 551
573 558 42 552

573 50 65 554
573 356 555

573 429 557
573 65 491 396 558
573 526 559

573 558 561
573 29 562
573 558 563

573 565
573 526 559 566
573 526 559 567


573 702 570


573
573 702 574

573 65 423 576
573 65 577
573 526 517 578

573 65 580


573 689 458 583
573 65 423 227 584
573 702 469 448 585

573 50 587
573 65 116 464 588

573 356 110 590
573 65 491 591
573 65 551 592


573 702 469 248 595
573 242 194 596
573 702 281 597
573 50 598



573 167 602
573 378 452 603


573 8 606
573 377 607
573 118 494 608
573 65 221 609
573 65 407 610
573 702 2 611

573 65 489 613
573 65 116 460 614
573 377 615



573 65 199 619
573 65 116 59 620

573 702 203 622
573 702 623
573 702 134 624
573 625
573 65 56 626


573 378 629

573 667 504 631
573 50 445 632
573 378 325 633
573 65 558 634
573 667 635
573 667 636


573 639

573 702 284 641
573 65 423 642
573 565 291 643
573 65 558 644
573 65 221 645
573 65 558 646

573 702 2 648

573 526 650
573 65 423 219 651



573 65 423 227 258 655
573 65 407 656
573 526 657


573 65 660

573 526 550 662
573 470 663
573 65 491 591 664
573 118 665

573 65 558 667
573 683 668

573 50 670
573 689 671
573 65 423 672
573 65 116 59 673
573 65 423 674
573 65 182 675
573 65 676
573 526 517 677

573 558 520 106 679

573 526 681
573 65 423 219 682
573 683
573 702 469 684
573 65 491 591 685

573 242 194 596 687

573 689
573 118 29 690
573 702 570 691




573 50 445 696
573 565 291 41 697

573 65 491 699
573 65 423 219 700
573 118 29 701
573 702
573 8 703
573 118 704
573 118 705
573 667 706
573 702 469 707


