639 156 96 0
639 156 802 291 1
639 156 802 291 1 2


639 65 5


639 409 8
639 156 144 9
639 467 10
639 156 144 11





639 156 802 17


639 135 20
639 21

639 156 500 23
639 156 802 24
639 23 25

639 27
639 221 28
639 65 29
639 221 28 30
639 65 31



639 65 114 35



639 156 215 39
639 156 802 291 40
639 156 592 41
639 23 42

639 323 44

639 65 689 46

639 156 48

639 65 689 50

639 156 52

639 156 54

639 65 56


639 820 59

639 356 61
639 65 153 62
639 197 63
639 156 500 64
639 156 65
639 156 96 66

639 156 802 150 68
639 323 69
639 526 70
639 156 592 71

639 397 73

639 397 75



639 156 79


639 21 82


639 156 144 9 85
639 65 689 784 86
639 156 87
639 65 689 46 88




639 135 93

639 356 95
639 156 96
639 65 97




639 323 102
639 323 102 103
639 820 104

639 106
639 65 107


639 356 110



639 65 114
639 156 115
639 65 689 116
639 135 117
639 221 118
639 119
639 323 559 120



639 124
639 65 125
639 126



639 156 144 512 130
639 330 131
639 135 132

639 156 134
639 135

639 409 48 137


639 156 144 11 140

639 156 65 142
639 156 802 143
639 156 144
639 156 65 145
639 156 144 146

639 156 144 148
639 156 65 149
639 156 802 291 150
639 323 291 151
639 323 291 152
639 65 153

639 156 155
639 156



639 156 215 160

639 65 689 162

639 164
639 397 165
639 65 166
639 167




639 156 802 475 172

639 156 174


639 197 583 177
639 156 592 178


639 156 144 9 506 181
639 397 182




639 156 802 150 187

639 197 189



639 323 193
639 377 194
639 65 31 195

639 197
639 198
639 65 199
639 156 96 200
639 409 48 201

639 323 203
639 156 789 150 204

639 467 206
639 65 207


639 210



639 156 802 150 187 214
639 156 215



639 156 115 219

639 221
639 197 222
639 221 223


639 226

639 228



639 323 102 232
639 156 789 233
639 221 234

639 65 689 46 236




639 377 241
639 377 242
639 243




639 156 803 248
639 65 249

639 156 802 251
639 156 144 512 252
639 204 253
639 204 254
639 23 255


639 156 802 258
639 135 259

639 377 261
639 65 689 262

639 221 79 264

639 266
639 197 583 267


639 65 153 270

639 135 20 272

639 156 144 11 274


639 156 277

639 409 279

639 156 802 150 281

639 156 215 160 283
639 65 114 284

639 65 726 286

639 156 802 291 150 288

639 65 689 784 290
639 156 802 291
639 156 802 291 292



639 204 296




639 301

639 156 144 512 303

639 23 305


639 156 116 308
639 156 309


639 156 116 312

639 156 314

639 156 316




639 156 500 23 321
639 156 789 322
639 323
639 323 559 324
639 467 325



639 409 487 329
639 330
639 156 144 331
639 65 153 332
639 397 333
639 221 79 334


639 156 144 337

639 27 339

639 221 79 341

639 221 223 343

639 48 345

639 65 347
639 156 802 348
639 156 802 349

639 156 789 351
639 352



639 323 291 356
639 156 357
639 323 291 358
639 526 359
639 221 79 360

639 197 362
639 377 242 363
639 364



639 65 153 270 368


639 48 371
639 397 333 372
639 409 373
639 135 259 374
639 375
639 375 376
639 156 377
639 378
639 156 802 150 379

639 409 48 381

639 156 802 291 1 383
639 164 384

639 156 803 177 386
639 156 803 177 386 387
639 156 802 475 388
639 156 155 389
639 197 583 390

639 221 392
639 156 144 393


639 397 396
639 397


639 356 400

639 402
639 164 403
639 404
639 409 48 137 405
639 409 48 406
639 156 802 475 407
639 156 96 408
639 156 409
639 156 144 410
639 65 411


639 397 73 414
639 65 415

639 323 417
639 65 418
639 409 419

639 526 421

639 397 75 423
639 156 144 512 424
639 425
639 156 116 426
639 156 802 150 427
639 65 207 428
639 429
639 429 430
639 526 431
639 65 432







639 409 440



639 409 48 444
639 65 445

639 378 447
639 156 803 448
639 402 449
639 135 450
639 156 174 451
639 467 452

639 156 802 251 454
639 156 455
639 323 559 456
639 156 79 457
639 397 458
639 65 29 459
639 65 689 784 460
639 156 803 177 461
639 65 153 462
639 409 48 201 463
639 65 689 464
639 156 500 465
639 156 592 466
639 467

639 221 234 469
639 156 470
639 156 789 150 471
639 156 802 291 472


639 156 802 150 475

639 156 215 477

639 479
639 409 480
639 323 481
639 156 802 291 482


639 323 485

639 409 487
639 156 802 291 488
639 156 144 512 489
639 156 144 9 490
639 397 491

639 156 455 493
639 197 63 494
639 156 803 177 495
639 156 803 496
639 65 125 497

639 156 215 499
639 156 500
639 156 500 501
639 378 502
639 397 503
639 409 487 504

639 156 144 9 506

639 156 455 508

639 156 144 9 506 510

639 156 144 512

639 156 144 514
639 515

639 323 517


639 409 520

639 397 522
639 156 144 523
639 221 524

639 526
639 221 79 527
639 820 528


639 204 531




639 156 802 291 150 536


639 539

639 65 153 541

639 221 543



639 156 803 547
639 156 548
639 156 52 549
639 323 550
639 156 592 551
639 409 552

639 65 554
639 356 555

639 429 557
639 397 558
639 323 559

639 409 561
639 144 562
639 409 48 563

639 397 565
639 323 559 566
639 323 559 567


639 156 803 570


639 573
639 156 116 574

639 156 802 475 576
639 156 802 475 577
639 323 517 578

639 156 802 580


639 156 215 583
639 156 802 291 584
639 397 73 585

639 65 689 587
639 65 689 588

639 356 110 590
639 221 591
639 156 592


639 156 803 177 461 595
639 377 242 596
639 156 789 597
639 65 598



639 167 602
639 467 603


639 409 48 381 606
639 65 689 588 607
639 197 608
639 156 455 609
639 156 802 610
639 156 87 611

639 156 144 9 613
639 65 598 614
639 65 817 615



639 65 199 619
639 144 620

639 156 789 150 622
639 156 623
639 156 116 624
639 467 625
639 65 56 626


639 378 629

639 409 631
639 65 689 632
639 467 633
639 65 817 634
639 48 635
639 48 636


639

639 156 641
639 397 642
639 156 802 291 643
639 144 644
639 156 144 645
639 144 646

639 156 648

639 323 517 650
639 156 802 150 651



639 156 802 291 655
639 156 802 291 1 656
639 323 657


639 65 347 660

639 323 550 662
639 156 789 150 663
639 156 500 664
639 197 583 665

639 65 817 667
639 135 668

639 65 689 46 670
639 221 234 671
639 156 802 143 672
639 65 689 784 673
639 397 674
639 397 73 675
639 156 676
639 677

639 409 679

639 681
639 156 802 682
639 266 683
639 156 803 177 684
639 221 591 685

639 377 687

639 156 215 689
639 197 690
639 156 803 570 691




639 65 689 632 696
639 156 802 682 697

639 397 699
639 156 802 700
639 197 222 701
639 156 789 702
639 409 419 703
639 197 583 704
639 197 705
639 409 487 706
639 156 707



639 711

639 156 144 512 713
639 65 689 714

639 156 716
639 156 144 512 717

639 323 550 662 719
639 221 720
639 330 721
639 409 419 703 722
639 156 802 258 723
639 197 583 724
639 65 689 714 725
639 65 726
639 65 726 727
639 221 728

639 65 415 730

639 65 689 732


639 21 735
639 736
639 737


639 740

639 221 591 742
639 156 802 291 150 743
639 156 592 71 744
639 156 215 745

639 156 155 747
639 156 144 512 748
639 156 144 146 749
639 156 802 291 750

639 266 752
639 156 802 291 753

639 323 755
639 409 756
639 156 803 177 757
639 156 802 758
639 156 802 291 759
639 144 760


639 467 603 763
639 135 450 764
639 135 765
639 156 641 766
639 323 767
639 402 768
639 156 802 769
639 156 215 770
639 397 771


639 65 153 774
639 775


639 156 803 778

639 65 780

639 23 782

639 65 689 784
639 409 480 785
639 409 48 786

639 377 788
639 156 802 475 789
639 221 790



639 323 291 794


639 156 802 797

639 429 799

639 820 801
639 156 802
639 156 803

639 156 805

639 409 48 444 807


639 156 215 810

639 409 48 812

639 409 48 137 814


639 65 817


639 820
639 65 153 332 821
639 156 822
639 429 823

639 156 592 825
639 156 65 826
639 65 689 784 827


639 156 115 830
639 65 97 831


639 526 834

639 526 834 836

639 65 689 588 607 838

639 377 840

639 156 802 842
639 843
639 409 48 844
639 409 552 845
