573 65 423 723 0
573 65 423 723 0 1
573 65 423 723 0 1 2


573 644 5


573 8
573 65 9
573 10
573 65 11





573 65 423 17


573 683 20
573 702 469 21

573 565 23
573 65 251 24
573 25

573 118 27
573 65 182 28
573 29
573 65 182 30
573 644 497 31



573 644 377 79 35



573 702 234 39
573 565 40
573 565 291 41
573 25 42

573 44

573 50 65 46

573 65 536 48

573 50

573 470 52

573 702 54

573 644 497 56


573 644 59

573 356 61
573 644 377 62
573 118 63
573 65 64
573 65
573 65 423 66

573 65 423 17 68
573 28 69
573 28 70
573 65 187 71

573 65 512 73

573 65 423 75



573 702 79


573 65 221 82


573 65 489 85
573 644 377 79 86
573 702 2 87
573 50 88




573 683 93

573 356 95
573 65 577 96
573 50 65 97




573 526 102
573 526 102 103
573 644 104

573 558 520 106
573 644 377 107


573 356 110



573 644 497 31 114
573 65 423 723 115
573 644 116
573 683 117
573 65 221 118
573 119
573 120



573 330 124
573 644 497 125
573 759 126



573 65 512 130
573 330 131
573 683 132

573 65 187 134
573 683 135

573 558 137


573 65 11 140

573 65 142
573 65 577 143
573 565 144
573 65 145
573 65 489 146

573 65 182 148
573 65 149
573 65 423 723 150
573 526 115 151
573 526 115 152
573 312 153

573 65 155
573 702 203 156



573 470 160

573 644 377 79 162

573 558 42 164
573 565 165
573 644 497 166
573 167




573 565 172

573 65 174


573 118 177
573 65 178


573 65 743 181
573 65 423 182




573 65 423 17 187

573 118 189



573 526 193
573 759 194
573 644 497 31 195

573 118 197
573 198
573 644 199
573 565 291 200
573 558 201

573 526 203
573 702 281 204

573 10 206
573 644 207


573 210



573 65 423 17 187 214
573 671 215



573 65 423 219

573 65 221
573 118 56 222
573 65 512 223


573 356 226

573 118 27 228



573 526 102 232
573 702 233
573 65 407 234

573 236




573 759 241
573 759 241 242
573 243




573 702 469 248
573 644 377 249

573 65 251
573 65 512 252
573 65 423 253
573 254
573 25 42 255


573 65 423 723 258
573 683 20 259

573 759 261
573 644 262

573 470 264

573 683 266
573 339 267


573 644 497 270

573 683 20 272

573 65 11 274


573 65 277

573 558 279

573 65 407 281

573 702 234 283
573 644 497 284

573 644 377 286

573 65 423 723 288

573 312 290
573 565 291
573 65 536 292



573 65 423 296




573 301

573 65 512 303

573 305


573 702 134 308
573 702 134 309


573 702 134 312

573 65 489 314

573 702 2 316




573 65 512 321
573 702 322
573 28 323
573 526 559 324
573 447 325



573 667 329
573 330
573 565 331
573 50 377 332
573 470 333
573 65 423 17 334


573 65 337

573 339

573 702 469 341

573 671 343

573 558 345

573 312 290 347
573 65 348
573 65 423 17 349

573 702 281 351
573 558 352



573 526 115 356
573 65 221 357
573 526 115 358
573 526 359
573 671 360

573 339 362
573 363
573 364



573 644 368


573 558 371
573 565 372
573 558 42 373
573 374
573 375
573 375 376
573 65 377
573 447 378
573 254 379

573 558 42 381

573 65 423 723 0 383
573 558 201 384

573 702 386
573 702 386 387
573 65 423 219 388
573 65 187 389
573 390

573 565 392
573 565 331 393


573 65 512 396
573 565 397


573 356 400

573 65 187 402
573 558 520 403
573 305 404
573 558 137 405
573 558 406
573 65 423 407
573 65 423 408
573 702 203 409
573 65 489 146 410
573 29 411


573 702 203 414
573 644 415

573 44 417
573 644 48 418
573 558 279 419

573 526 421

573 65 423
573 65 512 424
573 243 425
573 702 2 316 426
573 65 423 17 68 427
573 644 5 428
573 429
573 430
573 526 431
573 312 432







573 558 520 440



573 558 42 444
573 50 377 445

573 447
573 702 469 448
573 565 449
573 683 450
573 65 174 451
573 447 452

573 65 454
573 65 9 455
573 526 559 456
573 702 79 457
573 671 215 458
573 644 377 459
573 644 497 460
573 702 469 461
573 644 377 462
573 558 201 463
573 644 588 464
573 65 221 465
573 65 187 402 466
573 447 467

573 702 234 469
573 65 470
573 702 281 471
573 65 407 472


573 65 577 475

573 671 477

573 447 479
573 558 520 480
573 526 517 481
573 565 482


573 28 485

573 667 487
573 565 291 488
573 65 512 73 489
573 65 489 490
573 65 512 491

573 65 489 493
573 118 494
573 702 469 248 495
573 702 496
573 644 497

573 702 234 39 499
573 65 11 500
573 65 221 501
573 447 502
573 65 423 182 503
573 667 504

573 65 743 506

573 65 743 508

573 65 743 510

573 65 512

573 65 489 514
573 118 56 515

573 526 517


573 558 520

573 65 536 522
573 65 337 523
573 65 536 48 524

573 526
573 65 423 219 527
573 644 59 528


573 65 423 296 531




573 65 536


573 356 400 539

573 50 65 541

573 65 423 723 543



573 702 469 547
573 702 548
573 671 215 549
573 526 550
573 65 187 551
573 558 42 552

573 50 65 554
573 356 555

573 429 557
573 65 512 558
573 526 559

573 558 561
573 29 562
573 558 563

573 565
573 526 559 566
573 526 559 567


573 702 570


573
573 702 574

573 65 423 576
573 65 577
573 526 517 578

573 65 580


573 671 215 583
573 65 423 723 584
573 702 469 448 585

573 50 587
573 644 588

573 356 110 590
573 65 512 396 591
573 65 187 592


573 702 469 248 595
573 759 596
573 702 281 597
573 50 598



573 167 602
573 447 603


573 8 606
573 312 607
573 118 494 608
573 65 221 609
573 65 407 610
573 702 2 611

573 65 489 613
573 644 497 460 614
573 312 615



573 644 48 619
573 644 620

573 702 203 622
573 702 623
573 702 134 624
573 625
573 644 497 626


573 447 502 629

573 667 504 631
573 50 377 632
573 447 467 633
573 644 48 634
573 667 635
573 667 636


573 639

573 702 234 641
573 65 423 642
573 565 291 643
573 644
573 65 221 645
573 644 646

573 702 2 648

573 526 650
573 65 423 219 651



573 65 423 723 584 655
573 65 407 656
573 526 657


573 644 497 166 660

573 526 550 662
573 470 663
573 65 512 558 664
573 118 665

573 644 48 667
573 683 668

573 50 670
573 671
573 65 423 672
573 644 377 79 673
573 65 423 674
573 65 182 675
573 65 676
573 526 517 677

573 558 520 106 679

573 526 681
573 65 423 219 682
573 683
573 702 469 684
573 65 512 558 685

573 759 194 687

573 671 689
573 118 56 690
573 702 570 691




573 50 377 696
573 565 291 41 697

573 65 512 321 699
573 65 423 219 700
573 118 56 701
573 702
573 8 703
573 118 704
573 118 705
573 667 706
573 702 469 707



573 711

573 65 512 491 713
573 644 377 714

573 65 536 716
573 65 512 717

573 526 550 662 719
573 65 251 720
573 330 721
573 558 279 419 722
573 65 423 723
573 118 56 724
573 312 725
573 644 588 726
573 644 497 727
573 65 577 96 728

573 644 5 730

573 50 377 732


573 65 187 735
573 644 736
573 118 737


573 740

573 65 512 717 742
573 65 536 743
573 65 174 744
573 702 234 745

573 65 187 747
573 65 512 321 748
573 65 9 749
573 254 379 750

573 683 752
573 65 423 723 753

573 526 755
573 8 756
573 702 469 248 757
573 65 758
573 65 536 759
573 644 620 760


573 447 603 763
573 683 450 764
573 683 450 765
573 702 234 766
573 120 767
573 65 187 71 768
573 65 251 769
573 671 770
573 565 449 771


573 644 377 62 774
573 644 377 775


573 702 469 547 778
