573 65 334 253 0
573 65 334 253 1
573 65 334 253 0 2


573 65 5


573 8
573 65 9
573 10
573 65 11





573 65 334 17


573 135 20
573 508 21

573 565 23
573 65 24
573 25

573 149 27
573 65 28
573 29
573 65 28 30
573 65 31



573 65 31 35



573 508 39
573 565 40
573 565 291 41
573 25 42

573 44

573 50 53 46

573 65 451 48

573 50

573 52

573 508 21 54

573 65 56


573 65 116 59

573 356 61
573 65 491 62
573 149 63
573 65 64
573 65
573 65 334 253 66

573 65 334 75 68
573 12 69
573 12 70
573 65 551 71

573 65 512 73

573 65 334 75



573 508 373 79


573 65 221 82


573 65 489 85
573 65 116 86
573 508 611 87
573 50 88




573 135 93

573 356 95
573 65 577 96
573 50 53 97




573 103 102
573 103
573 65 104

573 558 520 106
573 65 107


573 356 110



573 65 31 114
573 65 334 253 115
573 65 116
573 135 117
573 65 221 118
573 119
573 120



573 131 124
573 65 125
573 242 126



573 65 512 130
573 131
573 135 132

573 65 551 134
573 135

573 558 137


573 65 11 140

573 65 142
573 65 577 143
573 565 144
573 65 145
573 65 489 146

573 65 28 148
573 65 149
573 65 334 253 150
573 103 152 151
573 103 152
573 377 153

573 65 155
573 508 156



573 52 160

573 65 116 162

573 558 42 164
573 565 165
573 65 166
573 167




573 565 172

573 65 174


573 149 177
573 65 178


573 65 506 181
573 65 334 182




573 65 334 75 68 187

573 149 27 189



573 103 193
573 242 194
573 65 31 195

573 149 197
573 198
573 65 199
573 565 291 200
573 558 201

573 103 193 203
573 508 312 204

573 10 206
573 65 5 207


573 210



573 65 334 75 68 214
573 106 215



573 65 334 219

573 65 221
573 149 222
573 65 512 223


573 356 226

573 149 228



573 103 232
573 508 312 233
573 65 281 234

573 236




573 242 241
573 242
573 243




573 508 373 248
573 65 249

573 65 24 251
573 65 512 252
573 65 334 253
573 254
573 25 42 255


573 65 334 258
573 135 259

573 242 261
573 65 116 262

573 52 264

573 135 266
573 339 267


573 65 491 270

573 135 20 272

573 65 11 274


573 65 277

573 558 279

573 65 281

573 508 283
573 65 31 284

573 65 286

573 65 334 288

573 377 290
573 565 291
573 65 451 292



573 65 334 253 296




573 301

573 65 512 303

573 305


573 508 308
573 508 312 309


573 508 312

573 65 489 314

573 508 316




573 65 512 321
573 508 322
573 12 323
573 103 324
573 378 325



573 48 329
573 131 330
573 565 331
573 50 445 332
573 52 333
573 65 334


573 65 337

573 339

573 508 373 341

573 106 343

573 558 345

573 377 347
573 65 348
573 65 334 349

573 508 312 351
573 558 352



573 103 356
573 65 221 357
573 103 152 358
573 103 431 359
573 106 360

573 339 362
573 363
573 364



573 65 491 368


573 558 371
573 565 372
573 558 42 373
573 374
573 375
573 375 376
573 65 377
573 378
573 254 379

573 558 42 381

573 65 334 253 0 383
573 558 201 384

573 508 373 387 386
573 508 373 387
573 65 334 388
573 65 551 389
573 390

573 565 392
573 565 331 393


573 65 512 396
573 565 397


573 356 400

573 65 551 402
573 558 520 403
573 305 404
573 558 137 405
573 558 406
573 65 334 407
573 65 334 253 408
573 508 312 414 409
573 65 489 146 410
573 29 411


573 508 312 414
573 65 104 415

573 44 417
573 65 418
573 558 279 419

573 103 421

573 65 334 75 423
573 65 512 424
573 243 425
573 508 611 426
573 65 334 75 427
573 65 5 428
573 429
573 430
573 103 431
573 377 432







573 558 520 440



573 558 42 444
573 50 445

573 378 447
573 508 448
573 565 449
573 135 266 450
573 65 174 451
573 378 452

573 65 454
573 65 9 455
573 103 456
573 508 457
573 106 458
573 65 459
573 65 116 460
573 508 283 461
573 65 491 462
573 558 201 463
573 65 116 464
573 65 221 465
573 65 551 389 466
573 378 467

573 508 373 469
573 65 470
573 508 312 471
573 65 281 472


573 65 577 475

573 106 477

573 378 479
573 558 520 480
573 103 517 481
573 565 482


573 12 485

573 48 487
573 565 291 488
573 65 512 73 489
573 65 489 490
573 65 512 491

573 65 489 493
573 149 494
573 508 373 495
573 508 373 387 496
573 65 125 497

573 508 499
573 65 11 500
573 65 221 501
573 378 502
573 65 334 503
573 48 504

573 65 506

573 65 506 181 508

573 65 506 510

573 65 512

573 65 489 514
573 149 27 515

573 103 517


573 558 520

573 65 451 522
573 65 337 523
573 65 451 524

573 103 431 526
573 65 334 527
573 65 491 528


573 65 334 253 296 531




573 65 451 536


573 356 400 539

573 50 53 541

573 65 334 543



573 508 373 547
573 508 499 548
573 106 549
573 103 517 550
573 65 551
573 558 42 552

573 50 53 554
573 356 555

573 429 557
573 65 512 558
573 103 456 559

573 558 561
573 29 562
573 558 563

573 565
573 103 456 566
573 103 456 567


573 508 373 387 570


573
573 508 611 574

573 65 334 407 576
573 65 577
573 103 517 578

573 65 580


573 106 458 583
573 65 334 253 0 584
573 508 457 585

573 50 587
573 65 116 464 588

573 356 110 590
573 65 512 396 591
573 65 551 592


573 508 373 547 595
573 242 194 596
573 508 312 204 597
573 50 598



573 167 602
573 378 452 603


573 8 606
573 377 607
573 149 608
573 65 221 609
573 65 281 610
573 508 611

573 65 489 613
573 65 116 460 614
573 377 615



573 65 199 619
573 65 116 59 620

573 508 312 414 622
573 508 623
573 508 308 624
573 625
573 65 56 626


573 378 629

573 48 487 631
573 50 445 632
573 378 325 633
573 65 418 634
573 48 635
573 48 636


573 639

573 508 21 641
573 65 334 75 642
573 565 291 643
