573 65 612 0
573 65 612 0 1
573 65 612 0 1 2


573 65 5


573 8
573 65 9
573 10
573 65 11





573 65 612 17


573 135 20
573 377 21

573 565 23
573 65 24
573 25

573 107 27
573 65 28
573 29
573 65 28 30
573 65 31



573 65 31 35



573 377 39
573 565 40
573 565 200 41
573 25 42

573 44

573 742 46

573 65 48

573 742 50

573 52

573 377 21 54

573 65 56


573 65 116 59

573 356 61
573 65 116 62
573 107 63
573 65 64
573 65
573 65 612 66

573 65 612 182 68
573 28 69
573 28 70
573 65 402 71

573 65 303 73

573 65 612 75



573 377 79


573 65 118 82


573 65 410 85
573 65 116 86
573 377 87
573 742 88




573 135 93

573 356 95
573 65 96
573 742 97




573 103 102
573 103
573 65 104

573 558 106
573 65 107


573 356 110



573 65 31 114
573 65 612 115
573 65 116
573 135 117
573 65 118
573 119
573 120



573 131 124
573 65 125
573 241 126



573 65 303 130
573 131
573 135 132

573 65 402 134
573 135

573 558 137


573 65 11 140

573 65 142
573 65 96 143
573 565 144
573 65 145
573 65 410 146

573 65 28 148
573 65 149
573 65 612 150
573 103 152 151
573 103 152
573 153

573 65 155
573 377 156



573 52 160

573 65 116 162

573 558 42 164
573 565 165
573 65 166
573 167




573 565 172

573 65 174


573 107 177
573 65 178


573 65 181
573 65 612 182




573 65 612 187

573 107 177 189



573 103 193
573 241 194
573 65 31 195

573 107 197
573 198
573 65 199
573 565 200
573 558 201

573 103 193 203
573 377 204

573 10 206
573 65 5 207


573 210



573 65 612 214
573 343 215



573 65 612 219

573 65 118 221
573 107 222
573 65 303 223


573 356 226

573 107 228



573 103 232
573 377 312 233
573 65 234

573 236




573 241
573 241 242
573 243




573 377 39 248
573 65 249

573 65 24 251
573 65 303 252
573 65 612 150 253
573 254
573 25 42 255


573 65 612 115 258
573 135 259

573 241 261
573 65 116 262

573 52 264

573 135 266
573 339 267


573 65 116 270

573 135 20 272

573 65 11 274


573 65 277

573 558 279

573 65 234 281

573 377 39 283
573 65 31 284

573 65 286

573 65 612 182 288

573 153 290
573 565 200 291
573 65 48 292



573 65 612 150 296




573 301

573 65 303

573 305


573 377 312 308
573 377 309


573 377 312

573 65 410 314

573 377 316




573 65 303 321
573 377 312 322
573 28 323
573 103 324
573 378 325



573 329
573 131 330
573 565 331
573 742 332
573 52 333
573 65 612 17 334


573 65 337

573 339

573 377 79 341

573 343

573 558 345

573 153 347
573 65 348
573 65 612 182 349

573 377 312 351
573 558 352



573 103 356
573 65 118 357
573 103 152 358
573 103 359
573 343 360

573 339 362
573 363
573 364



573 65 116 368


573 558 371
573 565 372
573 558 42 373
573 374
573 375
573 375 376
573 65 377
573 378
573 254 379

573 558 42 381

573 65 612 150 383
573 558 201 384

573 377 386
573 377 386 387
573 65 612 388
573 65 402 134 389
573 390

573 565 392
573 565 331 393


573 65 303 321 396
573 565 397


573 356 400

573 65 402
573 558 106 403
573 305 404
573 558 137 405
573 558 406
573 65 612 182 407
573 65 612 115 408
573 377 409
573 65 410
573 29 411


573 377 87 414
573 65 104 415

573 44 417
573 65 418
573 558 279 419

573 103 421

573 65 612 182 423
573 65 303 424
573 243 425
573 377 87 426
573 65 612 182 427
573 65 5 428
573 429
573 430
573 103 359 431
573 153 432







573 558 106 440



573 558 42 444
573 742 445

573 378 447
573 377 39 448
573 565 449
573 135 266 450
573 65 174 451
573 378 452

573 65 454
573 65 9 455
573 103 456
573 377 79 457
573 343 458
573 65 459
573 65 116 460
573 377 39 461
573 65 116 462
573 558 201 463
573 65 116 464
573 65 118 465
573 65 402 466
573 378 467

573 377 79 469
573 65 470
573 377 312 471
573 65 234 472


573 65 96 143 475

573 343 477

573 378 479
573 558 106 480
573 103 481
573 565 482


573 28 485

573 329 487
573 565 200 488
